Document IDs of the top 50 pages based on PageRank: 
WT21-B37-76	: 0.0026944744155488
WT21-B37-75	: 0.0015331790999984
WT25-B39-116	: 0.0014685014163258
WT23-B21-53	: 0.0013735249384257
WT24-B26-10	: 0.0012761567441302
WT24-B40-171	: 0.0012452932176088
WT23-B39-340	: 0.0012429131583240
WT23-B37-134	: 0.0012054214112260
WT08-B18-400	: 0.0011447772878379
WT13-B06-284	: 0.0011365580053120
WT13-B06-273	: 0.0010549245722372
WT01-B18-225	: 0.0009553819646804
WT04-B27-720	: 0.0009409643880874
WT24-B26-46	: 0.0008622382200879
WT23-B19-156	: 0.0008250707097265
WT04-B30-12	: 0.0008166232564418
WT25-B15-307	: 0.0007972235352503
WT07-B18-256	: 0.0007750374173618
WT24-B40-167	: 0.0007076287336774
WT14-B03-220	: 0.0006988859665464
WT18-B31-240	: 0.0006942257611768
WT14-B03-227	: 0.0006853161902725
WT04-B40-202	: 0.0006846808587291
WT08-B19-222	: 0.0006495325679505
WT23-B20-363	: 0.0006396360122161
WT27-B28-203	: 0.0006270797188365
WT13-B39-295	: 0.0006215375109129
WT13-B15-160	: 0.0006198585719576
WT12-B30-56	: 0.0006024553556204
WT10-B02-288	: 0.0005844494037855
WT14-B36-337	: 0.0005617073225027
WT21-B40-37	: 0.0005471879888093
WT21-B35-155	: 0.0005456969794965
WT23-B01-40	: 0.0005408521292801
WT08-B08-60	: 0.0005361223089508
WT22-B38-403	: 0.0005335787862507
WT13-B39-321	: 0.0005328954548185
WT04-B22-268	: 0.0005328641182354
WT14-B02-400	: 0.0005328037061426
WT18-B14-66	: 0.0005295595740150
WT06-B14-69	: 0.0005191619761152
WT23-B38-120	: 0.0005186941409834
WT06-B35-151	: 0.0005169281255289
WT10-B33-300	: 0.0005167739665967
WT14-B36-335	: 0.0005158618622725
WT14-B36-323	: 0.0005158618622725
WT14-B36-334	: 0.0005158618622725
WT14-B36-336	: 0.0005158618622725
WT06-B35-161	: 0.0005150221641759
WT27-B20-494	: 0.0005144808704517


Document IDs of the top 50 pages based on in_link count: 
WT21-B37-76	: 2568
WT21-B37-75	: 1704
WT01-B18-225	: 1137
WT08-B19-222	: 1041
WT08-B18-400	: 990
WT21-B40-447	: 779
WT27-B34-57	: 630
WT27-B32-30	: 628
WT25-B15-307	: 605
WT27-B28-203	: 589
WT18-B40-82	: 576
WT21-B37-71	: 560
WT13-B15-160	: 484
WT23-B30-88	: 477
WT27-B28-177	: 461
WT13-B06-284	: 454
WT13-B06-273	: 452
WT13-B39-295	: 443
WT14-B36-337	: 417
WT10-B33-300	: 406
WT23-B23-51	: 400
WT23-B27-29	: 388
WT23-B30-105	: 379
WT14-B36-335	: 368
WT14-B36-323	: 368
WT14-B36-334	: 368
WT14-B36-336	: 368
WT23-B30-89	: 367
WT23-B19-156	: 364
WT12-B40-248	: 357
WT17-B34-502	: 356
WT17-B34-503	: 356
WT17-B34-508	: 356
WT17-B34-500	: 356
WT17-B34-504	: 356
WT17-B34-505	: 356
WT17-B34-507	: 356
WT17-B34-501	: 356
WT17-B34-506	: 356
WT17-B34-498	: 356
WT17-B34-509	: 356
WT17-B34-499	: 356
WT12-B40-235	: 355
WT12-B40-241	: 342
WT12-B40-254	: 334
WT04-B40-202	: 322
WT24-B26-2	: 320
WT04-B40-238	: 311
WT04-B30-256	: 301
WT13-B16-451	: 291


Proportion of pages with no inlink = 14350/183811 = 0.07806932120493333

Proportion of pages with no outlink (sink) = 66175/183811 = 0.3600165387272797

Proportion of pages whose PageRank is less than their initial, uniform values = 144318/183811 = 0.7851434353765553